  9.76270046085119E-001  1.85689232777804E+000   1
  4.30378729943186E+000  6.88531488180161E+000   1
  2.05526740755886E+000  7.15891239698976E+000   1
  8.97663547657430E-001  6.94503474514931E+000   1
 -1.52690406423062E+000  2.47127392794937E+000   1
  2.91788230184466E+000 -2.31236583553255E+000  -1
 -1.24825580045581E+000 -4.04930789489299E+000  -1
  7.83546003513038E+000 -8.86574048548937E+000  -1
  9.27325528115034E+000 -4.54687410965562E+000   1
 -2.33116957359016E+000 -4.46697766892612E-001  -1
  5.83450066857040E+000  6.24337452929467E+000   1
  5.77898430638015E-001 -4.00456571951509E-001  -1
  1.36089127510786E+000 -2.14430413674563E+000  -1
  8.51193266455084E+000  6.72157537657768E+000   1
 -8.57927882578224E+000 -3.25207676738501E+000  -1
 -8.25741406064481E+000  2.96343753114343E+000  -1
 -9.59563201759011E+000 -2.63516925275326E+000  -1
  6.65239685680717E+000  9.14310308638960E+000   1
  5.56313513778150E+000 -7.19298445153981E+000  -1
  7.40024290513247E+000  7.40174502134323E+000   1
  9.57236685790122E+000 -5.27839199639857E-001   1
  5.98317127674818E+000  6.01821504998952E+000   1
 -7.70412744022906E-001  4.09549609757960E-001   1
  5.61058351304382E+000  3.57759067323059E+000   1
 -7.63451152481139E+000  4.41265303175896E+000   1
  2.79842033982277E+000  1.64039582479745E+000   1
 -7.13293428998441E+000  7.47464564628899E-001  -1
  8.89337837230414E+000  5.17231240868568E+000   1
  4.36966563574970E-001 -7.88184787146747E+000  -1
 -1.70676117762923E+000 -5.27991545386613E-001  -1
 -4.70888777170330E+000 -6.27335310913622E+000  -1
  5.48467373009771E+000  4.73836355842650E+000   1
 -8.76993280835450E-001 -5.66899286583066E+000  -1
  1.36867896653712E+000 -7.29563653469086E+000  -1
 -9.62420403957367E+000 -3.51717991754413E+000  -1
  2.35271001700312E+000 -7.00650272425264E+000  -1
  2.24191444925964E+000 -5.55357228964567E+000  -1
  2.33867997303605E+000 -2.27022043894976E+000  -1
  8.87496150564402E+000  8.05196942761540E+000   1
  3.63640595693141E+000 -1.00100020878017E+000   1
 -2.80984195880592E+000  2.26126923691481E+000   1
 -1.25936094671488E+000  8.04697156418115E+000   1
  3.95262390840799E+000 -8.01439296919852E+000  -1
 -8.79549067001790E+000  9.39618137199432E+000   1
  3.33533422555774E+000  3.06280064396560E+000   1
  3.41275747399777E+000 -6.58180827740580E+000  -1
 -5.79234876669943E+000 -2.83695659600198E+000  -1
 -7.42147403303534E+000  5.01372277736664E+000   1
 -3.69143300689757E+000  2.15661333408207E+000   1
 -2.72578453179449E+000 -3.49905544891953E+000  -1
  1.40393551904708E+000 -9.23149148933589E+000  -1
 -1.22796973213553E+000  2.68548106309026E+000   1
  9.76747663691640E+000  9.17898538522422E+000   1
 -7.95910386368632E+000  3.05580637883395E+000  -1
 -5.82246482837945E+000  2.70117754116654E+000  -1
 -6.77380977664143E+000  9.90599131211638E+000   1
  3.06216644123197E+000  1.63700664415956E+000   1
 -4.93416797369719E+000 -1.71262823976576E+000  -1
 -6.73784543760121E-001 -5.06049897521734E-001  -1
 -5.11148823890835E+000  2.47020212002099E+000  -1
 -6.82060827035457E+000 -3.23984764982015E+000  -1
 -7.79249721672386E+000  3.49504644516855E+000  -1
  3.12659183982760E+000 -3.65596510469913E+000  -1
 -7.23634100984782E+000  5.56690963450819E+000   1
 -6.06835286598653E+000  8.99142102804035E+000   1
 -2.62549668550491E+000  3.25053736101836E+000   1
  6.41986461821944E+000 -9.72856716252863E+000  -1
 -8.05797457695007E+000  2.45692186523229E+000  -1
  6.75889813341200E+000  3.47319262102246E+000   1
 -8.07803197763860E+000  9.43889997899532E+000   1
  9.52918930444866E+000  7.56386937107891E+000   1
 -6.26976033672691E-001  1.92487435415387E-001  -1
  9.53522181604058E+000 -8.88570614159107E+000  -1
  2.09691036026925E+000 -9.76815721951425E-001   1
  4.78527162689716E+000 -9.60024655330926E+000  -1
 -9.21624422073364E+000 -1.16578157059848E+000  -1
 -4.34386081062257E+000  9.59173460956663E+000   1
 -7.59606870822608E+000 -2.81111062038690E+000  -1
 -4.07719601411372E+000 -3.82129275240004E-001  -1
 -7.62544571422040E+000  3.77322372514755E+000  -1
 -3.64033653400838E+000  7.60951786302030E+000   1
 -1.71474023256451E+000  8.36470945738256E+000   1
 -8.71704997960478E+000 -5.66355733666569E+000  -1
  3.84944238699973E+000  1.30377731285989E+000   1
  1.33202896919101E+000  7.30205127969384E+000   1
 -4.69221017789096E+000  1.79379219189286E-001  -1
  4.64961058460176E-001  8.33445913158357E+000   1
 -8.12118988018483E+000  8.42315223999321E+000   1
  1.51892990339547E+000 -8.33775026723742E+000  -1
  8.58592395670712E+000 -4.44562871940434E+000  -1
 -3.62862090114504E+000 -9.81286596506834E+000  -1
  3.34820752497762E+000  6.84684158302844E+000   1
 -7.36404275987297E+000  2.94348277151585E+000  -1
  4.32654395699501E+000  6.82772244326770E+000   1
 -4.21187818050385E+000 -4.70539671368897E+000  -1
 -6.33617273066193E+000 -2.04358496703207E+000  -1
  1.73025866039097E+000  1.05642968323082E+000   1
 -9.59784898906946E+000 -6.70119078829885E+000  -1
  6.57880056649447E+000 -2.60383808519691E+000   1
 -9.90609035827220E+000 -7.07116473466158E+000  -1
  3.55633078608662E+000  1.39236808754504E+000   1
 -4.59984062705189E+000  4.07474561594427E+000   1
  4.70388040877879E+000 -4.23047135118395E+000  -1
  9.24377089831978E+000 -1.33423872292042E+000   1
 -5.02493720501661E+000  5.12213382869959E+000   1
  1.52314671780914E+000 -2.07803443539888E+000  -1
  1.84083852916956E+000  7.92076778598130E+000   1
  1.44503802992404E+000  2.77842160314322E+000   1
 -5.53836738690734E+000  7.83108861651272E+000   1
  9.05498018488288E+000  3.60111145768315E+000   1
 -1.05749242939055E+000 -1.01604536175728E+000  -1
  6.92817332223058E+000  9.57141847815365E+000   1
  3.98958554957062E+000 -7.67596180085093E+000  -1
 -4.05126096680760E+000  5.34047405235469E+000   1
  6.27595639321953E+000 -1.76359716337174E+000   1
 -2.06988522317261E+000  3.50878154393286E+000   1
  7.62206401675940E+000 -5.00407449901104E+000  -1
  1.62545751780272E+000 -3.73563335742801E+000  -1
  7.63470719102770E+000  9.30832437239587E+000   1
  3.85063183028251E+000  1.76930166780949E+000   1
  4.50508562847972E+000  3.19336828310043E+000   1
  2.64876615256071E-002  6.64125033654273E-001   1
  9.12167279515415E+000 -5.38933953735977E+000  -1
  2.87980393040925E+000 -2.10261415690184E+000  -1
 -1.52289912104607E+000  2.37617122009397E+000   1
  2.12786433752626E+000 -5.02649568952620E-001   1
 -9.61613598745316E+000 -5.97356231883168E-001  -1
 -3.96850367542356E+000  4.32149067055434E+000   1
  3.20347076747566E+000 -4.24017992336303E+000  -1
 -4.19844780117273E+000 -2.33075547963381E+000  -1
  2.36030853819102E+000  4.98339672107250E+000   1
 -1.42462602816522E+000  7.56904382258654E+000   1
 -7.29051862843335E+000 -7.94273280072957E+000  -1
 -4.03435344342142E+000 -8.15252226777375E+000  -1
  1.39929823111743E+000 -2.91906671132892E+000  -1
  1.81745525915176E+000  1.03632510174066E+000   1
  1.48650511633605E+000 -9.32749812491238E+000  -1
  3.06401630863547E+000  9.37923531979322E+000   1
  3.04206548724324E+000 -3.58005512505770E+000  -1
 -1.37163131032139E+000 -5.57474634610116E+000  -1
  7.93093196582049E+000 -7.17472194228321E+000  -1
 -2.64876256696880E+000 -8.05480146780610E+000  -1
 -1.28270161338151E+000  9.68084470834583E+000   1
  7.83846716396511E+000 -4.79318142868578E+000  -1
  6.12387983594090E+000  7.40450345911086E-001   1
  4.07777171116322E+000 -1.04147652629763E+000   1
 -7.99546226859093E+000 -8.00861830357462E+000  -1
  8.38965225964785E+000 -2.95376678928733E+000   1
  4.28482596762478E+000 -6.15016566589475E-001   1
  9.97694005724043E+000  6.82280259672552E+000   1
 -7.01103390660137E+000  8.09295488521457E+000   1
  7.36252121161670E+000 -9.24881231039763E+000  -1
 -6.75014137290418E+000  1.66309005580843E-001  -1
  2.31119134929031E+000 -6.66304964106530E+000  -1
 -7.52360035199672E+000  5.58102036360651E+000   1
  6.96016454603523E+000  7.29866585694253E+000   1
  6.14637920632958E+000 -1.77206551190466E+000   1
  1.38201488647610E+000 -7.20054833684117E+000  -1
 -1.85633404646069E+000 -9.33555227238685E+000  -1
 -8.61666019540280E+000  9.65149913448840E+000   1
  3.94857544917613E+000 -2.53418494481593E+000  -1
 -9.29146395064891E-001 -1.59849264658988E+000  -1
  4.44111210294068E+000 -8.98823774419725E+000  -1
  7.32764651998878E+000 -2.69007800612599E+000   1
  9.51043024193496E+000 -9.66744061093777E+000  -1
  7.11606686003506E+000 -5.38515316788107E+000  -1
 -9.76571836974472E+000  5.29823395889252E+000   1
 -2.80043881852180E+000  8.88247041497380E+000   1
  4.59981123451144E+000  4.99998495448381E+000   1
 -6.56740644946694E+000 -3.21192367933691E+000  -1
  4.20732060447335E-001 -2.09021158516407E-001   1
 -8.91324027907103E+000 -3.22029767092317E+000  -1
 -6.00006949156523E+000 -6.41019464004785E+000  -1
 -9.62956411764026E+000 -6.58026814460754E+000  -1
  5.87395404931158E+000 -7.30980476364494E-001   1
 -5.52150634583086E+000  7.49145924113691E+000   1
 -3.09296642895788E+000  8.88239501975477E+000   1
  8.56162585318089E+000  2.16505735181272E+000   1
  4.08828798681498E+000  1.93310825619847E+000   1
 -9.36322152148932E+000  5.67288496065885E+000   1
 -6.70611687004566E+000  5.25875948369503E-004  -1
  2.42956813424826E+000 -8.99259882513434E+000  -1
  1.54457170516253E+000  3.98196155205369E+000   1
 -5.24214370176196E+000  9.84792791306973E+000   1
  8.68428003508598E+000 -4.65474931988865E+000  -1
  2.27931905072182E+000  3.58181236311793E+000   1
  7.12655945681036E-001  7.28562884964049E+000   1
  1.79819955490530E+000  5.01688493881375E+000   1
  4.60244052577764E+000  9.28979531396180E+000   1
 -3.76110008917749E+000  1.08484872151166E+000  -1
 -2.03557865228504E+000 -5.75218996033072E+000  -1
 -5.80312491860241E+000 -5.55113553069532E+000  -1
 -6.27613989170641E+000 -5.62501264270395E+000  -1
  8.88744777068496E+000  1.39147063717246E+000   1
  4.79101593140513E+000 -9.57819237373769E-001   1
 -1.90823962911964E-001  9.40473369788378E+000   1
 -5.45170741621405E+000  3.61089388374239E+000   1
 -4.91287034470588E+000 -8.29408865887672E+000  -1
 -8.83941675070673E+000 -8.87163330800831E+000  -1
 -1.31166742183268E+000 -2.43245880119503E-001  -1
 -3.76408246345818E+000  7.62009117286652E+000   1
  3.92686971463263E+000  9.52808780595660E+000   1
 -2.44496325496584E+000  2.35315838363022E+000   1
 -6.40792645048350E+000  8.49975538440049E-001  -1
 -9.50642542447895E+000  7.09227166138589E+000   1
 -8.65500738378614E+000  4.87669084686786E+000   1
  3.58785551507026E+000 -4.28073471412063E-001   1
 -9.26063209772110E-001  3.54163152631372E+000   1
  7.31584173627198E-001  2.14090121909976E+000   1
  7.93342580553144E+000  4.29393865633756E+000   1
  9.80677891988307E+000 -6.10056249424815E-001   1
 -5.66206037998199E+000 -8.79707532003522E-001  -1
  3.26156407129020E+000  8.12836177647114E+000   1
 -4.73355243913829E+000 -7.25559158250690E+000  -1
 -9.58697990514338E+000 -5.41561353951693E+000  -1
  5.16757303848863E+000  7.63170808088034E+000   1
 -3.59965710435063E+000  8.08849954511970E+000   1
 -2.33072217553854E+000  2.91569199413061E+000   1
  1.76634234841913E+000 -3.50634054746479E+000  -1
  6.62096915300936E+000  3.94223844632506E-001   1
  2.57963697891682E+000 -9.99889299273491E+000  -1
  7.45301315095276E+000 -3.76279558986425E+000  -1
 -4.52915933448821E+000 -1.49096925277263E+000  -1
  5.96093660686165E+000  7.70675328560174E+000   1
 -6.28728113602847E+000  3.59758909791708E+000   1
  9.05583316460252E+000 -8.77404552884400E-001   1
  3.74976545572281E+000 -3.31827648915351E-001   1
 -5.68984644487500E+000  5.77478842809796E+000   1
  8.94741189200431E+000 -5.41116341948509E+000  -1
  4.61711605079472E+000  7.60595208965242E+000   1
 -4.92116709239781E+000 -3.72615205124021E+000  -1
 -5.73376050218940E+000  9.14901711978018E+000   1
  3.64014226943255E-001 -5.64968483522534E-001  -1
 -9.48674573097378E+000  4.23167643137276E+000  -1
 -5.85059842560440E+000 -6.92611393053085E+000  -1
 -1.50629069656134E+000  4.60884361062199E+000   1
 -2.51660042908043E+000  2.92528870049864E+000   1
 -7.28491544723511E-001 -5.70238526910543E+000  -1
 -4.44742583204061E+000 -6.27083562780172E+000  -1
  1.73568690661341E+000  6.15160529967397E+000   1
  7.27711202576756E+000  4.94158941786736E+000   1
 -7.64936285093427E+000  3.49694690201432E+000  -1
  3.47582222893834E-001 -4.46212495677173E+000  -1
 -7.35863780602813E+000 -6.50182255543768E+000  -1
  4.33719359803945E+000  4.08948523458093E+000   1
 -2.07880592439324E+000 -7.36996070481837E-001  -1
  1.30842615384609E+000  6.80857070721686E+000   1
 -6.33440320845693E+000 -5.90268476866186E+000  -1
 -7.10304474923760E+000 -6.70082257129252E+000  -1
 -2.38874307833612E-001 -7.50333878211677E+000  -1
 -2.88774529937655E+000  4.44161321502179E+000   1
  8.80863903090358E+000 -9.39094068482518E+000  -1
  5.30650504864752E+000  4.93988475296646E+000   1
  4.97327249031514E+000 -8.14807682763785E+000  -1
  8.07439479045570E+000 -5.65099011175334E+000  -1
 -8.33155130501837E+000  4.98508833348751E+000   1
  1.04384942911565E+000  4.63387516792864E+000   1
  1.68952144682407E+000 -9.08770727925003E+000  -1
  9.23872767016292E+000 -5.81685943994671E+000  -1
 -4.15704938583076E+000 -4.26169909071177E+000  -1
 -5.18342445604503E+000  3.54526613373309E+000   1
 -7.99412110820413E+000 -8.73923414852470E+000  -1
 -9.67140737455338E+000  1.11298474483192E+000  -1
  8.59058636240661E+000 -9.81519859749824E+000  -1
  3.39833084493876E+000  6.66076189372689E+000   1
  5.70305820554495E+000  9.68658867757767E+000   1
 -4.36539791524410E+000  4.06989570707083E+000   1
  1.72820339910686E+000 -6.36737588793039E+000  -1
 -8.72089468408376E+000  2.47869309969246E-001  -1
 -2.87448130548000E-001  1.60894261207432E+000   1
  9.54990270547569E+000  5.75084306765348E+000   1
  7.53010484855622E+000  2.12950924411416E+000   1
 -3.23682087939233E+000 -5.63194303773344E+000  -1
  9.23140315338969E+000 -8.96623656153679E-001   1
 -5.36596748977900E+000  7.57739477790892E+000   1
  8.98637643549591E+000 -1.54635203070939E-001   1
  8.82755409926176E+000  4.31122304871678E+000   1
  5.98405169323087E+000 -2.76808831840754E-001   1
  2.60895871091634E+000  4.17096297722310E+000   1
  7.48575939796865E+000 -3.71954310685396E-002   1
 -4.13959431927651E+000  6.89100155606866E+000   1
  6.97887108195573E+000 -6.11315560992807E+000  -1
  2.35753383953124E+000  5.46652029734105E+000   1
 -9.73526286426932E+000  9.48517336044461E+000   1
 -3.05532976519316E+000  7.24619561340660E+000   1
 -7.03718279954046E+000  5.60853298287839E+000   1
  9.63658773805946E+000  9.70064560882747E+000   1
 -4.32593869045377E-001  5.07139209192246E+000   1
 -5.21726487204433E-002 -9.91903788875788E+000  -1
  2.78945032972842E+000 -4.61041127331555E+000  -1
 -2.62830793857574E+000 -1.79015717003495E+000  -1
 -7.26199451833963E+000 -1.43552346155047E+000  -1
  6.44235469866544E+000 -4.04316356405616E+000  -1
 -6.20304172392935E+000 -1.97735317051411E+000  -1
  2.26379646919668E-001 -7.58686007000506E+000  -1
 -5.51365952007473E+000  9.61399347055703E+000   1
 -8.04311027750373E+000 -1.87759025022388E+000  -1
  7.24383028224111E+000  1.38421513140202E+000   1
  9.45838980376720E+000 -3.12789001036435E+000   1
  9.21669309027493E+000  5.77745547983795E+000   1
  8.13110996037722E+000 -1.77255169488490E+000   1
  5.48094672616571E+000 -2.81457165721804E+000  -1
 -3.33709687460214E+000 -2.01002166140825E+000  -1
 -8.37797215208411E+000 -3.96338251419365E+000  -1
 -1.85517664533108E+000  5.50439564511180E+000   1
 -5.35531716886908E+000  8.52425865363330E+000   1
 -7.35024733934551E+000 -3.49379381630570E+000  -1
 -8.93145645037293E+000  9.05741342343390E+000   1
  4.51188736129552E+000 -9.72103203646839E+000  -1
 -9.77145089767873E+000  6.69313524849713E-001  -1
  5.41161497589201E+000 -3.90835939440876E+000  -1
 -7.06106716766953E+000  7.65719996765256E+000   1
 -8.40955826453865E+000 -4.98754560481757E+000  -1
 -8.20793933700770E+000  3.54823648929596E+000  -1
  3.44095605891198E+000  6.20848190039396E+000   1
 -5.09265574626625E+000 -1.35703904554248E+000  -1
 -1.58921076450497E+000  5.04269035998732E+000   1
  1.14737573079765E+000  6.59204484429210E+000   1
  7.21102342940867E+000 -2.41932454984635E+000   1
  4.54088527709246E+000 -8.06900771334767E+000  -1
 -4.59344192873687E+000 -4.87720834091306E+000  -1
 -7.37034408375621E+000  1.83870327658951E+000  -1
 -8.89251366257668E+000 -4.70455922186375E-001  -1
 -3.96802732255310E+000 -2.41308570839465E-001  -1
 -4.75763704162091E+000 -8.29708925448358E-001  -1
 -8.77188718877733E-001  4.91852317936719E-001   1
  3.66562667768449E+000 -1.15969361271709E+000   1
  3.91250892542303E+000  7.05269847065210E+000   1
 -4.32962303049862E+000 -1.33122047409415E+000  -1
 -2.40146097261459E+000  6.53740735258907E+000   1
 -6.37698074337095E+000  1.86841315589845E-001  -1
  5.77091028913856E+000 -8.27246038708836E+000  -1
 -8.86303854174912E+000  3.20079723373055E+000  -1
  3.93994483631104E+000 -5.86810788605362E+000  -1
  5.57390793692321E+000  6.94550633430481E+000   1
  5.54815115872771E+000  3.62718266900629E+000   1
 -4.81154868844897E+000 -6.43265292979777E+000  -1
 -2.52373720984906E+000 -8.60281965229660E+000  -1
  1.75199273508042E+000 -9.80623652692884E+000  -1
 -4.54356206115335E+000  7.84099323675036E+000   1
 -2.58294399827719E+000 -7.33069578651339E+000  -1
 -6.05891444720328E+000  5.58383941650391E+000   1
 -8.02882425487042E-001  8.50326859857887E+000   1
 -9.10775405354798E+000  4.30357497651130E+000  -1
  5.99591766484082E+000 -1.83627665974200E-001   1
 -8.46087112091482E+000 -6.10033893026412E-001  -1
  3.76702952198684E-001  7.65418574213982E+000   1
 -3.86379799339920E+000 -2.31798766180873E-001  -1
  1.55085898004472E+000 -1.70865043997765E+000  -1
  9.18866687919945E+000 -6.51776102371514E+000  -1
  2.91140482295305E+000 -4.94211111217737E-001   1
 -9.29275127593428E+000  5.67295935470611E+000   1
 -1.39195120893419E+000  1.12858852837235E+000   1
  2.00337064452469E-001 -6.80265842005610E+000  -1
  7.23549989052117E-001 -7.12341265287250E+000  -1
  3.62785024102777E+000  2.98926063347608E+000   1
 -4.44807811174542E+000  7.84471938386560E-001  -1
 -7.42278864607215E+000 -3.48630466964096E+000  -1
 -2.14648637454957E+000 -7.05972217489034E+000  -1
  9.12811453919858E+000 -6.80259866639972E+000  -1
 -6.25738214235753E+000 -7.41175324656069E+000  -1
  8.07967903092504E+000  1.57844774890691E+000   1
  8.76119071617723E-001 -8.15479659941047E+000  -1
 -8.61771563068032E-001  8.21089437697083E+000   1
  7.64082829933614E+000 -8.34056510590017E+000  -1
 -8.27920869924128E-001  6.00756917614490E+000   1
  4.48335272260010E+000  7.54261936526746E+000   1
 -2.01949345879257E+000 -8.13081090338528E+000  -1
  8.08088789694011E+000 -1.47388244047761E+000   1
  3.80050040315837E+000 -5.35586616024375E-001   1
  3.99244111962616E+000  1.60394215490669E+000   1
 -3.44559204764664E+000  4.32488343678415E+000   1
  5.13557292521000E+000 -9.45862026419491E+000  -1
  2.72122113034129E+000  4.62794683407992E+000   1
 -5.19959452562034E+000  5.33927012234926E+000   1
 -6.78922355175018E+000 -9.80467136017978E+000  -1
  5.92782949563116E+000 -3.83427673485130E+000  -1
  9.18333205860108E+000 -5.34269050695002E+000  -1
 -8.37223501875997E-001  6.85485312715173E-002  -1
  1.81968326214701E+000  9.07442762516439E+000   1
  7.15445287059993E+000  1.15622599143535E+000   1
 -8.55530919507146E-001 -8.05062626954168E+000  -1
  9.03748949524015E+000  2.43356981314719E+000   1
  1.51502314489335E+000  7.26045234128833E+000   1
  6.41534239519387E+000 -6.84735457878560E+000  -1
  8.17687422968447E+000  9.84859042800963E+000   1
  6.31047649309039E+000 -8.29997860826552E+000  -1
 -6.81171072181314E+000 -8.11084168497473E+000  -1
  2.57796878926456E+000  2.67215775325894E+000   1
 -2.03131482470781E+000  8.98594959173352E+000   1
 -8.74574101530015E+000  8.73492954298854E+000   1
 -1.51935496367514E+000 -1.05243401136249E+000  -1
 -4.82631868682802E+000  4.55392674077302E+000   1
  6.98076611384749E+000  4.84475955367088E+000   1
 -9.33390747290105E+000 -3.86027894914150E+000  -1
  9.17965442873538E+000 -7.60457303375006E+000  -1
 -2.89262300822884E+000 -1.12242640461773E+000  -1
 -2.86586220376194E+000 -2.16451354324818E+000  -1
 -9.67342990450561E+000  6.36983639560640E-001  -1
 -6.29535350948572E+000  6.90715368837118E+000   1
 -1.97481005918235E+000  7.25490748882294E-001  -1
  8.58582826796919E+000  3.60540311783552E+000   1
 -8.00770147703588E+000  2.18355156015605E+000  -1
  8.90603066887707E+000 -8.03043993189931E+000  -1
  7.38977066241205E+000 -8.15944833215326E+000  -1
 -9.16752018965781E-001 -8.88068339321762E+000  -1
 -3.46598226577044E+000 -8.26935020275414E+000  -1
 -5.34511735662818E+000 -5.25653419084847E+000  -1
  2.28929413482547E+000  6.79025941994041E+000   1
 -9.33850822038949E+000  4.47410652413964E-001  -1
 -9.68787865713239E+000  2.61497329920530E-001  -1
 -1.42408561892807E+000  2.99663948360831E+000   1
 -8.63851847592741E+000  8.91817533411086E-001  -1
 -4.96118017937988E+000 -9.35069407802075E+000  -1
 -5.57678176090121E+000  1.60303439013660E+000  -1
 -4.93617617990822E+000  5.42178104165941E+000   1
 -7.37889530602843E+000 -2.47546837199479E+000  -1
 -9.75927553605288E+000 -1.79505185224116E-001  -1
 -7.69031414296478E+000  9.63279360439628E+000   1
  2.36960527487099E+000 -5.10697182267904E+000  -1
  9.48512434028089E+000 -2.51353609841317E+000   1
  9.80690012220293E+000 -9.08680716063827E+000  -1
 -1.81891811545938E+000 -3.79864712245762E+000  -1
 -6.74091152846813E+000  6.63038801867515E+000   1
  2.77523509226739E+000  6.14045675378293E+000   1
 -1.93893141113222E-001  2.80048310291022E+000   1
  9.78819549549371E+000 -2.63795194681734E+000   1
 -8.69391587562859E+000 -3.74493414536119E+000  -1
  5.66468876786530E+000  6.03672300465405E+000   1
 -4.23202993813902E+000 -8.59105621464551E+000  -1
 -5.17162763513625E+000  3.67145924828947E+000   1
  3.25009141117334E+000 -2.38541510421783E+000  -1
 -5.07873633410782E+000  2.67861905042082E+000   1
  3.31718228291720E+000  8.53758183773607E+000   1
  3.46170263364911E-001  7.07880230154842E+000   1
 -1.51822025887668E+000 -4.64404281228781E-002  -1
  1.09375622589141E+000 -1.44331234041601E+000  -1
 -4.25896960776299E+000  6.45118893589824E+000   1
  4.13149415049702E+000  4.76453161798418E+000   1
 -1.70286259613931E+000 -1.05712322052568E+000  -1
 -2.78908881358802E+000  9.37806071713567E+000   1
  6.57313831616193E+000 -2.73677495773882E+000   1
  8.49933832418174E+000 -2.04933003522456E+000   1
 -9.07985378056765E+000  4.77365316357464E+000   1
 -5.34746018704027E+000 -1.01833146065474E+000  -1
 -3.02961273118854E+000  8.74568727798760E+000   1
  6.29932962823659E+000 -4.85533033031970E+000  -1
  9.70982860773802E+000 -2.36480399500579E+000   1
  9.37943407334387E+000  3.94283220637590E+000   1
  8.09896684251726E+000  7.94140212703496E+000   1
 -4.06887468416244E+000 -7.57880245801061E+000  -1
  9.84022488351911E+000 -5.16908624209464E+000  -1
 -5.01159913837910E+000 -5.43472772464156E+000  -1
 -7.88187683094293E+000 -2.09813560359180E-001  -1
  9.01905216742307E+000  7.83045365009457E+000   1
 -5.33159488812089E+000 -2.83785049803555E+000  -1
  3.79536530934274E+000 -2.29525153525174E+000  -1
 -8.83287295699120E+000  8.33454028703272E+000   1
  4.61418205406517E+000 -7.72366721648723E+000  -1
  7.63440428301692E+000  2.62251090724021E+000   1
 -4.55126204527915E+000 -7.34369999729097E+000  -1
 -2.41886208299547E+000 -2.51510834321380E+000  -1
 -2.51407634001225E+000 -3.51190277375281E+000  -1
  4.97576504945755E+000  3.60231077298522E+000   1
 -5.24385516531765E+000  5.91069493908435E+000   1
 -6.56293801032007E+000  7.86721892654896E-002  -1
 -1.01416703779250E+000 -4.07515226397663E+000  -1
 -3.91063190996647E+000  7.71924531087279E+000   1
  6.78378241602331E+000 -2.96258872374892E+000   1
 -5.24516352917999E+000  4.76780675351620E+000   1
  4.77891275659204E-002  1.10722520388663E+000   1
  8.85167205240577E+000 -5.96964574884623E+000  -1
  2.67995390575379E+000  9.70381917431951E-001   1
  7.34578811097890E+000  3.92856514081359E-001   1
  8.80419387016445E+000 -3.02434681449085E+000   1
  5.01529728062451E+000 -9.50760086998343E+000  -1
  3.99150122888386E+000 -7.02341407071799E+000  -1
  9.35931141953915E+000 -7.36295929178596E+000  -1
  9.88801576197147E+000  4.15834923274815E+000   1
 -9.63566368445754E-001  4.18144239112735E+000   1
 -8.58260440640152E+000  2.23496835213155E+000  -1
 -4.14411937817931E+000  3.43814037740231E+000   1
 -6.95290594361722E+000 -1.04968261905015E+000  -1
 -1.65027256589383E+000  3.92154336906970E+000   1
 -7.37421339377761E+000 -2.43347713723779E+000  -1
  2.08235610742122E+000 -7.99935895483941E+000  -1
 -2.34383882954717E+000  9.20513565186411E+000   1
  7.90771769359708E+000 -8.55131107382476E+000  -1
  9.35589345172048E+000 -9.61398791056126E+000  -1
  9.37697933986783E-001  9.59146505221725E+000   1
 -4.50352858752012E+000 -7.03043832909316E+000  -1
  1.84460835997015E+000 -4.82595365960151E+000  -1
  7.93522313237190E+000 -5.68942370824516E+000  -1
 -1.86533316504210E+000  1.59824800677598E+000   1
  1.04156540241092E+000  9.51503377873451E+000   1
 -4.56694460473955E+000 -4.53982193022966E+000  -1
 -8.91117071732879E-001  9.40150151029229E+000   1
 -1.96572915650904E+000 -9.49005292728543E+000  -1
 -5.03173079341650E+000  7.76087411679328E+000   1
  1.17327687330544E-001  4.17217683047056E+000   1
 -3.79238348919898E+000 -4.44452653639019E+000  -1
 -2.53930273000151E+000  7.89726389572024E+000   1
  4.99408952891827E-001 -9.46954897604883E+000  -1
  5.01190037932247E+000  2.51273235306144E+000   1
 -3.32985064480454E+000 -3.40914586093277E+000  -1
  8.48317529074848E+000  9.34242248535156E+000   1
  7.24637095816433E+000 -6.62847189698368E+000  -1
 -9.02619418688118E+000  8.02965981420130E+000   1
 -4.92714955005795E+000 -3.40128693263978E+000  -1
 -1.07728985138237E+000  7.78466650750488E+000   1
 -7.90744229219854E+000  2.49033207073808E-001  -1
 -3.03048021160066E+000  2.12578056380153E-001  -1
  4.80195054784417E+000 -2.26345697883517E+000   1
  3.61028964631259E+000  6.01778626441956E-001   1
  2.44768844917417E+000  8.89414957258850E+000   1
  4.21056796330959E+000  7.85724491812289E+000   1
 -5.90152635704726E+000  3.54228800162673E+000   1
 -3.16603772807866E+000  2.78054769150913E+000   1
  3.52484956849366E+000  9.67226731590927E-001   1
  7.58469527587295E+000 -4.54633770044893E+000  -1
  8.73561082407832E-001 -7.03462719451636E+000  -1
 -4.34600706212223E+000  7.12605956010520E+000   1
 -9.39529479946941E+000  2.70113590173423E+000  -1
  4.20673656277359E+000 -4.00713008828461E+000  -1
 -9.84231794718653E+000 -7.95605843886733E-001  -1
 -2.54641850944608E+000 -9.50945199467242E+000  -1
  6.10744291916490E-001  1.16130196489394E+000   1
  8.44222927000374E+000 -2.77696966193616E+000   1
 -8.21010911837220E+000  5.41908899322152E-002  -1
 -1.88115354161710E+000 -6.92744916770607E+000  -1
 -9.51373603194952E+000 -1.48984727915376E+000  -1
 -3.14778035506606E+000  8.12343681696802E+000   1
  2.44462122675031E+000 -9.82976823579520E+000  -1
 -4.41864112857729E+000  9.37728203367442E+000   1
 -5.80500097014010E+000  3.81787454709411E+000   1
 -7.68593527842313E+000 -8.01167214289308E+000  -1
  1.54280493501574E+000 -4.20448247343302E+000  -1
  3.90540012158453E+000  7.81470951624215E-001   1
  3.43914276454598E+000  4.48295696638525E+000   1
  8.97722048684955E+000 -2.22265133634210E+000   1
 -9.94593571405858E+000 -5.45832057949156E+000  -1
  2.94393303804100E+000 -9.02802478522063E-001   1
  2.00784467160702E+000  9.44165010005236E+000   1
  1.77479219622910E+000  6.67636468075216E+000   1
  9.25540628377348E+000  8.29581327270716E+000   1
 -9.66256648767740E+000  3.34569680038840E+000  -1
  3.92964857164770E+000 -1.18667813483626E+000   1
  6.27357297111303E+000  3.70183988939971E+000   1
  1.96143835783005E-001  2.97196619212627E+000   1
 -3.32070253789425E+000 -9.41799983382225E+000  -1
  5.81680326722562E+000  8.39062874205410E+000   1
 -8.05514151230454E+000  8.49140123464167E-001  -1
 -1.15928739309311E+000  9.82283307705075E+000   1
  3.99047555401921E-001 -2.33794223982841E+000  -1
  3.87912820093334E+000  6.13338658120483E+000   1
 -8.18228540476412E+000 -7.79863428324461E-001  -1
 -5.44481000397354E+000  6.53648435603827E+000   1
 -1.79396880790591E+000  7.82364630140364E-001  -1
  2.46589345857501E+000  7.74529671296477E+000   1
  7.73921561427414E+000  7.60213725734502E+000   1
  2.37652340438217E+000 -3.43393379822373E+000  -1
 -7.33077061362565E+000 -1.91150125581771E+000  -1
  9.61160266771913E+000  8.92947092652321E-001   1
  7.43571473751217E+000  2.43385791778564E+000   1
  5.44152734801173E-002 -2.41287850309163E+000  -1
  8.44695960171521E+000  8.42589121311903E-001   1
  8.27615871094167E-001 -7.58161277975887E+000  -1
  8.46612127032131E+000  3.61394472420216E+000   1
  6.59794740378857E+000 -4.25761486869305E+000  -1
  9.36572829261422E+000 -9.14047187194228E+000  -1
  8.39565622154623E+000 -7.67803311813623E+000  -1
 -9.27932355552912E+000 -7.87141175009310E+000  -1
 -6.50455985218287E+000 -3.67024160921574E+000  -1
 -2.21730641555041E+000 -5.06930415984243E+000  -1
  9.04285397846252E+000  1.25566248316318E+000   1
 -3.99942168965936E+000  8.12708466313779E+000   1
 -6.79064713884145E+000  1.60213815979660E+000  -1
  7.72609329782426E+000  1.95873454678804E+000   1
 -1.07211170718074E+000 -5.23912958800793E+000  -1
  8.15751181915402E+000  1.61774549167603E+000   1
 -6.79539055563509E+000 -7.08259691018611E+000  -1
  3.22235030587763E+000 -3.28738042153418E+000  -1
 -1.19472500402480E+000  2.51055954489857E+000   1
 -8.47026457078755E+000 -2.77388646267355E+000  -1
  3.92926289699972E+000  8.21987981908023E+000   1
 -5.05202494561672E+000  7.56985259708017E+000   1
 -9.20768954325467E+000 -1.31688841152936E+000  -1
 -8.80111402831972E+000  3.52242044173181E-001  -1
 -8.77842922229320E+000 -5.06640309467912E-001  -1
  8.15465915482491E+000 -6.31274805404246E+000  -1
  4.79767841286957E+000 -1.30478723905981E+000   1
  7.96124721877277E+000 -6.24896130990237E+000  -1
  3.45164613332599E+000  4.30415663402528E+000   1
  5.78798563219607E-001  4.60127866826952E-001   1
 -3.91107268631458E+000 -3.58869356568903E+000  -1
  9.95924504473805E+000 -9.93800913449377E+000  -1
 -2.75621884968132E+000  1.94605874363333E+000   1
 -5.87021023966372E-001  2.98156668897718E+000   1
 -2.43509646505117E+000 -9.89620760083199E+000  -1
  9.59053852129728E+000  9.40443607512861E+000   1
 -6.50683226063848E+000  3.27732132747769E+000   1
 -3.44024002086371E+000 -4.13711191620678E+000  -1
  3.60697342548519E+000 -5.99271354731172E+000  -1
 -8.73584769666195E+000  8.51404297165573E+000   1
  2.14498754590750E+000 -3.81497424095869E+000  -1
 -4.47069900110364E-001 -1.93563924171031E+000  -1
 -4.32000041473657E+000  2.66124018933624E+000   1
 -5.23173449561000E+000  7.81305620446801E+000   1
  2.90254848077893E-001 -1.34787286631763E+000  -1
 -2.64144840184599E+000  8.56437416281551E+000   1
 -8.69602160528302E-001  1.84161333367229E+000   1
 -3.25045240577310E+000 -1.36430147103965E+000  -1
  9.40987391863018E+000  1.85560543555766E+000   1
 -7.33121138066053E+000 -2.90987880900502E+000  -1
 -8.06392095517367E+000  3.14039552118629E+000  -1
 -3.13216548413038E+000  3.04617909248918E+000   1
  1.82053794153035E+000  6.43437131308019E+000   1
  3.18352951202542E+000 -1.94466486107558E+000  -1
 -2.05486492253840E+000 -9.24869903363287E+000  -1
  9.98555975500494E+000  9.69263254664838E+000   1
 -2.96214003115892E+000 -1.03714339435101E+000  -1
  4.42813323345035E+000  8.75270444434136E+000   1
  2.75165392551571E+000  3.44082115218043E+000   1
  6.26107722986490E+000 -4.66606248635799E+000  -1
  9.52451322227716E+000  1.28128707408905E+000   1
  7.79587309341878E+000  9.13865941110998E+000   1
  5.29123954009265E+000 -7.73028165567666E+000  -1
  3.96496963687241E+000 -4.55541271250695E+000  -1
 -3.29003650229424E+000 -8.35884508676827E+000  -1
 -7.04628843814135E+000  5.30541177373379E+000   1
 -8.74727987218648E+000 -9.56622553523630E+000  -1
 -5.16196589451283E+000 -7.25497297476977E+000  -1
 -1.35437034070492E+000 -4.78742666542530E+000  -1
  4.39925394020975E-001  7.42165139876306E+000   1
  5.46167107764632E+000 -6.41179864294827E+000  -1
  9.17481848504394E+000 -1.33442529011518E+000   1
 -7.65359033830464E+000 -3.49764177110046E+000  -1
 -7.85991723183543E+000  1.66808371897787E+000  -1
  1.79389432538301E+000  8.72936192434281E+000   1
  4.90796144586056E+000  8.81563317961991E+000   1
  6.96300767362118E+000 -8.94983675796539E+000  -1
  8.71664158534259E+000  1.92422236315906E+000   1
  9.66852471232414E+000  7.83601926639676E+000   1
 -2.00396618805826E+000  5.61862270813435E+000   1
 -2.39329626318067E+000 -5.76932192780077E+000  -1
 -7.04382657073438E+000  5.29988888651133E+000   1
  3.69868879206479E+000 -6.21874687727541E+000  -1
  3.13523906283081E+000  7.97519165091217E+000   1
  7.24125193431973E+000 -9.82137470971793E+000  -1
 -8.05484001990408E+000 -8.19534035865217E+000  -1
 -4.44619171321392E-002  2.38365592900664E+000   1
  1.62163855973631E+000 -2.35119801945984E+000  -1
 -5.16885919962078E+000 -8.06874234229326E+000  -1
 -6.61949194502085E+000  9.69866610597819E+000   1
  7.19161668792367E+000  7.93162518180907E+000   1
 -8.82930155377835E+000 -4.57773212809116E+000  -1
 -5.87581973522902E-001 -5.36198983900249E-001  -1
 -7.68331993371248E+000 -4.04922524467111E-001  -1
 -8.58824839815498E-001  1.67807727120817E-001  -1
  9.59924639668316E+000  9.34518611524254E+000   1
 -1.52587289456278E+000 -8.00082975532860E+000  -1
  7.14249836280942E+000 -9.20699081849307E+000  -1
 -7.65368866734207E+000 -3.25870783999562E-001  -1
 -4.57495846319944E+000 -8.34819814190269E-001  -1
 -1.92414512392133E+000 -5.29474308714271E+000  -1
 -2.00375716201961E+000 -8.82259431295097E+000  -1
  3.42766967136413E+000 -7.52311162184924E+000  -1
 -3.10563755687326E+000  7.13510495144874E+000   1
  4.27533740177751E+000 -2.00665255542845E+000   1
  2.78373803477734E+000 -2.37205697223544E+000  -1
 -2.01677707955241E+000 -9.56052728462964E+000  -1
 -1.36479749344289E+000 -2.50494594220072E+000  -1
  2.29055390693247E+000  3.23214576113969E+000   1
 -8.59915622510016E+000  2.50716397073120E+000  -1
  6.44813470542431E+000  8.27982430811971E+000   1
  3.06842312682420E+000  3.43588602263480E+000   1
  4.52684924472123E+000 -3.51834610570222E+000  -1
  7.38460035063327E-001 -3.67560026235878E+000  -1
 -7.79045778792352E+000  6.66631620377302E+000   1
 -1.89928778912872E+000  5.51606434397399E+000   1
 -1.89252829644829E+000 -4.37694065272808E+000  -1
 -3.57914019841701E+000  4.27854401059449E+000   1
 -9.40099357161671E+000  1.23154562897980E+000  -1
  4.74508485756814E+000 -2.00679960660636E+000   1
 -7.80431078281254E+000  6.17202529683709E-001  -1
  2.12616267148405E+000 -8.29533878248185E+000  -1
  4.06434986274689E+000  3.31355459522456E+000   1
  2.69572651945055E+000 -9.40730376634747E+000  -1
  9.18284500017762E+000  7.78574633877724E+000   1
 -7.93403689749539E+000  3.64237907808274E+000  -1
  7.34334313776344E+000  7.82628702931106E+000   1
 -9.41619518678635E+000 -9.97584855649620E+000  -1
  6.98337093926966E-001  8.74437655787915E+000   1
 -1.91512770485133E+000  9.16614716406912E+000   1
  4.83677103184164E-001  5.92638826463372E+000   1
 -2.69800248555839E+000  9.84147693496197E+000   1
 -6.18866164237261E+000 -2.89549591485411E+000  -1
 -9.61754204705358E+000  6.96680303663015E+000   1
  3.62996179610491E-001  5.41348988655955E+000   1
  6.85553723480552E+000  4.41055039875209E+000   1
 -2.53568086307496E+000  2.66829653177410E+000   1
 -5.54272365756333E+000 -3.85247761849314E+000  -1
 -8.38935994543135E+000  7.45580578222871E-001  -1
 -8.29378146212548E+000 -4.50849900022149E+000  -1
 -5.57207106146961E+000 -9.82620162423700E+000  -1
 -7.99971875268966E+000 -9.50110541190952E+000  -1
 -4.69920598901808E+000 -7.11427802685648E+000  -1
 -8.67701079230756E+000  2.75194696150720E-001  -1
 -8.68790261447430E+000 -5.54684134200215E+000  -1
  7.12552366312593E+000 -2.61020612437278E+000   1
 -6.75759464967996E+000 -8.89785441104323E+000  -1
  1.19364798534662E+000  8.22394319809973E+000   1
  5.46911085490137E+000  7.69903792068362E+000   1
 -8.71808826923371E-001  7.94554153922945E+000   1
 -6.93262238055468E+000 -3.35618223529309E+000  -1
 -6.00807722657919E+000  4.25853707827628E+000   1
 -1.34031588677317E+000 -1.46113174036145E+000  -1
  5.64681836403906E-001 -3.96615064237267E+000  -1
 -3.01119409035891E+000 -8.59178338665515E+000  -1
  5.62959201168269E+000 -1.56310974154621E+000   1
  5.02043296582997E+000 -2.23360795527697E+000   1
  8.54423622135073E+000 -6.79212914779782E+000  -1
 -9.42094895057380E+000 -2.99585481639951E+000  -1
  7.91382587514818E+000 -8.08760233689100E+000  -1
 -2.14862435590476E+000  7.42205059155822E+000   1
  7.56744985934347E+000  3.35186612326652E+000   1
  3.81569552700967E+000 -6.14564056042582E+000  -1
  9.74697512574494E+000  8.36183896753937E+000   1
  5.18564895726740E+000  1.59361780155450E+000   1
 -2.70910740830004E+000 -8.82031247019768E-001  -1
  2.12633656337857E-002  2.84703500568867E+000   1
 -2.47221692930907E+000 -4.91949542891234E+000  -1
 -2.70176330581307E+000  1.02158295921981E+000  -1
 -4.78190999478102E+000 -7.36193504184484E+000  -1
 -8.05940618738532E-002 -5.98967979662120E+000  -1
  3.63479891326278E+000  2.81089479103684E-001   1
 -4.45319458842278E+000 -8.05013228673488E+000  -1
  4.87596113234758E-001  7.03707411419600E+000   1
 -7.65239407308400E+000 -2.08912342786789E+000  -1
 -6.80309427436441E+000 -5.33844337332994E+000  -1
 -9.06387292314321E+000  1.70864143874496E+000  -1
  9.41462881397456E+000  4.93672752287239E+000   1
 -9.92279294412583E+000  2.17977231368423E+000  -1
 -6.42840066459030E+000  1.58022408373654E+000  -1
  2.25733513012528E+000 -6.59800719004124E+000  -1
 -8.37260805070400E+000  3.72724088840187E+000  -1
  7.63793001417071E+000  9.53603609465063E+000   1
  4.39240308012813E+000  2.17186607420444E+000   1
  9.32779937982559E+000 -3.43242108356208E+000   1
  1.52710909023881E-001  6.05384275317192E+000   1
 -3.99192641023546E+000  6.72728059347719E+000   1
  9.90011477842927E-001 -1.69440112076700E+000  -1
  8.61637440044433E+000 -1.68783475644887E+000   1
  4.15228675119579E-001  8.73234219383448E+000   1
 -4.65585933998227E+000  4.44368037860841E+000   1
  7.54797590430826E+000 -9.34197325259447E+000  -1
 -2.56162497680634E+000 -1.48108097724617E+000  -1
 -9.97233290225267E+000 -8.12211060896516E+000  -1
 -5.04629963543266E+000  9.57095094956458E+000   1
 -3.63532983697951E+000  1.50424933992326E+000  -1
  7.17554936185479E+000  2.87356171291322E+000   1
 -8.29936605878174E-001 -2.71074632182717E+000  -1
 -1.10825429204851E+000  3.35429782513529E+000   1
 -3.27795463148505E+000  1.43687268719077E+000  -1
  7.61356241535395E+000  5.49366949591786E+000   1
  8.90053551178426E+000  8.00204252358526E+000   1
  9.83780658338219E+000 -1.91386939026415E+000   1
 -2.46517465915531E+000  7.90690227877349E+000   1
  9.32294896803796E+000 -8.69835040532053E+000  -1
  5.83759130910039E+000  3.70954765006900E+000   1
  3.51378292310983E+000 -5.37859893869609E+000  -1
 -5.10221041273326E+000  7.77370142750442E-001  -1
 -5.67085477989167E+000  5.46069957315922E+000   1
 -6.67904357891530E+000  4.93168574757874E+000   1
  8.45513217151165E+000  4.42860216833651E+000   1
 -4.11846675444394E+000 -3.42167536728084E-001  -1
 -9.38115026801825E-001 -6.11954373307526E+000  -1
 -1.20843350887299E-001 -5.88867363519967E+000  -1
  5.56343188509345E+000  7.09365112707019E-001   1
  6.88469923567027E+000 -1.24371494166553E+000   1
 -7.21854611299932E+000  9.49979621917009E+000   1
 -1.46191281266510E+000 -3.98352150805295E+000  -1
  6.85709784273058E+000 -8.42060192488134E+000  -1
  6.36066610459238E+000  4.53755930066109E+000   1
 -7.95172492973506E+000  9.50848280917853E+000   1
 -6.87233308330178E+000  5.64178751315922E+000   1
 -3.91602616291493E+000 -5.05909565370530E+000  -1
 -8.49281859118491E+000 -9.26878022495657E+000  -1
 -1.50673987809569E+000 -1.86156131327152E+000  -1
 -7.84764588344842E+000  7.55501572974026E+000   1
  1.36435182765126E+000 -1.36012427043170E+000  -1
 -5.06886123213917E+000 -4.31827736552805E+000  -1
  1.92866130732000E+000  8.70603780727834E+000   1
 -7.64948712196201E+000  5.44531154446304E+000   1
  9.51767740305513E+000  2.21973015926778E+000   1
  8.65122412797064E+000 -9.94645862840116E+000  -1
 -2.16406123246998E+000  8.63010076805949E+000   1
 -5.15642818529159E+000  3.47674691583961E+000   1
 -4.99203568324447E+000 -5.51066126208752E+000  -1
 -3.32129192538560E-001 -9.50493842363358E+000  -1
 -9.20014388859272E+000 -9.85063366126269E+000  -1
  2.79410202056170E+000  8.54805105831474E+000   1
 -1.83394183870405E+000  3.86305614374578E+000   1
 -2.45186853222549E+000  4.10295076202601E+000   1
  6.18729941546917E+000  1.92129977513105E+000   1
  4.18070917017758E+000  7.44713027961552E-001   1
  9.08667625393718E+000 -8.88428804464638E-001   1
 -2.96127523761243E+000  2.00386418495327E+000   1
  7.95085520949215E+000  3.08163854759187E+000   1
  5.39934374392033E+000 -2.53920449875295E+000   1
 -2.85150704905391E+000  3.36467950139195E+000   1
  2.43330878205597E+000 -8.62307082861662E-001   1
 -4.22860083170235E+000 -8.29866394400597E+000  -1
  7.48799838591367E+000 -5.33652488607913E+000  -1
 -7.75145356543362E+000 -8.37256555911154E+000  -1
 -5.75131279882044E+000 -3.55965320486575E+000  -1
 -6.33933412376791E+000  2.22654843237251E+000  -1
 -1.93947994150221E+000 -2.64747651759535E+000  -1
  4.90465919487178E+000  4.52454372774810E+000   1
  5.38148917257786E-001  3.56118824332953E+000   1
 -2.46473415754736E-001 -7.10617708042264E+000  -1
 -9.98908058274537E+000 -6.63914962671697E+000  -1
 -1.49196538142860E+000 -8.71129096020013E+000  -1
 -8.72892440296710E+000 -4.71334479283541E+000  -1
 -5.83493487909436E+000 -3.03286500740796E+000  -1
  8.64787884056568E+000 -8.23503520339727E+000  -1
 -5.69203587714583E+000  2.04458351712674E+000  -1
  7.16675272211432E+000  4.28751471918076E+000   1
  6.05786746367812E+000 -6.85555800795555E+000  -1
 -6.81707521900535E+000 -3.15724978689104E+000  -1
  2.11423908825964E+000  4.54499824438244E+000   1
 -7.68676262348890E+000  3.26635837554932E+000  -1
  4.55776313319802E+000  7.08920052740723E+000   1
  2.74924559518695E+000  1.09206771943718E+000   1
  6.23877125326544E+000 -9.48487081099302E+000  -1
 -4.12308885715902E-001 -8.85358762461692E+000  -1
  8.29726182855666E+000 -8.39877812191844E+000  -1
 -9.01302107609808E+000  3.42745538800955E-001  -1
 -4.14222869556397E+000  5.10212357621640E+000   1
  4.30105196777731E+000 -9.35453422367573E+000  -1
 -1.63781581446528E+000 -8.66248118691147E-001  -1
 -6.54097301885486E+000  6.49595417082310E+000   1
 -7.85578510724008E+000  3.37211685720831E+000  -1
  6.34678228758276E+000  9.18351956643164E-001   1
 -5.37140453234315E-001  1.77623407449573E+000   1
  7.64567337930202E+000  7.92959988117218E+000   1
  4.66578267980367E+000  1.50155630428344E+000   1
 -1.80547590833157E+000 -1.56361556611955E+000  -1
 -2.52977981697768E+000  4.05903421342373E+000   1
  3.12766958959401E-001 -2.85585159435868E+000  -1
  7.78119894675910E+000  9.45823488757014E+000   1
  4.74557155277580E+000  7.44605021551251E+000   1
 -9.89694072399288E+000 -6.86693024821579E+000  -1
  3.88315694406629E+000  3.68251456879079E+000   1
  8.39014821685851E+000 -9.31858471129090E+000  -1
  4.20911508612335E+000  7.70414551720023E+000   1
 -6.45988448057324E+000  6.89707166515291E+000   1
 -3.29637392424047E-001  2.02560066245496E-001   1
 -7.19367953017354E+000 -7.44622711092234E+000  -1
 -2.82009444665164E+000  2.42946059908718E+000   1
  8.74234093818814E+000 -5.21325992885977E+000  -1
  8.46610607113689E+000  2.61742130387574E+000   1
 -4.34326296206564E+000  3.87491428758949E+000   1
 -3.20737903006375E+000 -7.87490176502615E+000  -1
  2.00425731018186E+000 -4.61082197725773E-001   1
  9.26394591573626E+000  1.71186763327569E+000   1
 -7.04397330991924E+000 -4.92748583666980E+000  -1
 -4.86166702117771E+000 -5.97979433368891E+000  -1
  7.47113658580929E+000  2.75711505208164E+000   1
 -1.62155358120799E-001  5.21487127989531E+000   1
  7.97922187484801E+000 -2.81778685748577E+000   1
 -6.28964215517044E+000  4.17795108631253E+000   1
  6.53371671214700E-001  1.74750623758882E+000   1
 -3.47460740711540E+000  6.19186759460717E+000   1
 -3.66914870683104E+000 -5.91855882667005E+000  -1
 -1.06246083043516E+000  5.92793533112854E+000   1
 -1.33845096454024E+000 -4.67184188775718E+000  -1
 -2.85306239500642E+000 -4.03471157886088E+000  -1
  8.29941529314965E+000  9.56344346050173E+000   1
  4.63488376233727E+000 -9.07972849439830E+000  -1
  4.55093991942704E+000 -6.20492762420326E+000  -1
 -4.20173102989793E+000  4.17495896108449E-001  -1
  1.55418843030930E+000 -2.48011469375342E+000  -1
  5.58358864858747E+000 -5.15800590626895E+000  -1
  5.91180731542408E+000  3.69105473160744E+000   1
 -3.10939074493945E+000  3.38473929092288E+000   1
  5.41745510883629E+000  9.27481980063021E+000   1
  4.71787793561816E+000  7.57200748194009E+000   1
 -7.16987037565559E+000  9.94872251059860E+000   1
  7.31890938710421E+000 -2.74224005173892E+000   1
 -1.17357058450580E+000 -9.09531023819000E+000  -1
 -2.71790972910821E-001 -3.49406388588250E+000  -1
 -1.03261645417660E+000 -6.17050426080823E-002  -1
  1.35692008771002E+000 -6.55608580913395E+000  -1
  2.42338503245264E+000 -8.29847844317555E+000  -1
 -3.64087056368589E-002 -9.45422863587737E-001  -1
  7.33577073551714E+000  8.65331067238003E+000   1
  2.55469508934766E+000  5.26330010499805E+000   1
 -1.97144094854593E+000 -3.77027860376984E+000  -1
 -1.66616491973400E+000  7.77230988722295E+000   1
  6.21677225455642E+000  3.94548581447452E+000   1
 -3.03616115357727E+000 -7.33119584619999E-001  -1
 -5.77090411446989E+000 -4.70760932192206E+000  -1
 -8.81233631167561E+000  1.51067771483213E+000  -1
  7.52053698524833E+000 -6.10198003239930E+000  -1
  8.37092895992100E+000  4.82463334687054E+000   1
 -7.59759647306055E+000  8.73855759389699E+000   1
 -3.31052523106337E+000  3.18535737227649E+000   1
 -6.49255859199911E+000  4.49988188222051E+000   1
 -7.68203055951744E+000 -6.71023179776967E+000  -1
  7.99733477178961E+000  4.96447937097400E+000   1
 -8.86245475150645E+000 -5.28633268550038E-002  -1
  9.60971336811781E+000 -8.25234610587358E+000  -1
 -8.07098277378827E+000 -2.27105193305761E+000  -1
  7.26941292174160E+000  4.58896228577942E+000   1
  1.33012211415917E+000  1.56420696061105E+000   1
 -2.64165017753840E+000 -3.87234700378031E+000  -1
 -3.15315258223563E+000  9.77498003281653E+000   1
  5.14728281181306E+000  1.48063687607646E+000   1
 -3.70853412896395E+000  8.89898374676704E+000   1
  3.14637830480933E+000  1.19548458140343E+000   1
  3.46521679311991E-001  1.29333067685366E+000   1
 -3.00686964765191E-001 -8.97659130860120E+000  -1
  8.02324349060655E+000 -7.91842473670840E+000  -1
  1.09290112741292E+000  2.28876121342182E+000   1
  6.53723204508424E+000  4.63267427869141E+000   1
  4.51147068291903E+000 -5.11935137212276E+000  -1
 -9.22885515727103E+000  9.27951440215111E+000   1
  5.46220107935369E+000  4.82476154342294E+000   1
 -5.66259492654353E+000 -5.23977451492101E+000  -1
  8.06299289688468E+000  2.88840570952743E+000   1
 -9.14151613134891E+000 -3.20487235207111E+000  -1
 -3.33855940960348E+000  4.54961491283029E+000   1
 -8.00534108188003E+000  1.69185147620738E+000  -1
 -4.88217691890895E-001  5.13307433109730E+000   1
  6.40044880565256E+000 -4.97072422411293E+000  -1
 -4.03625287115574E+000  8.64590625744313E+000   1
 -6.98130206204951E+000  9.86002626363188E+000   1
 -3.39465919416398E+000 -6.70934569556266E+000  -1
  6.27760276664048E+000  2.58106519468129E-001   1
 -7.19232096336782E+000  7.26952446624637E+000   1
 -5.45275097712874E+000 -3.04604023229331E+000  -1
 -8.62296072766185E+000 -5.14725347515196E+000  -1
  4.11420080810785E+000  4.62130425497890E+000   1
 -2.09533519111574E+000  9.55035642255098E+000   1
 -3.78320042975247E+000  7.49562820419669E-002  -1
  4.37252782285213E+000 -2.15138866100460E+000   1
 -3.28044909518212E+000 -2.16134277638048E+000  -1
  4.55542535055429E+000  5.89012907352299E+000   1
  6.30398783367127E+000  4.12122011650354E+000   1
 -5.64674317371100E+000 -3.62165358383209E+000  -1
  9.47637390810996E+000  9.49177311733365E+000   1
 -6.75284111406654E+000  7.83160975202918E+000   1
 -4.18318188749254E+000  4.01856136973947E+000   1
 -6.40409424901009E+000 -1.18445614818484E+000  -1
 -3.08988681528717E+000 -5.85408045910299E+000  -1
 -3.98782282136381E-001  3.29929398372769E+000   1
  4.43517342209816E-001  5.07780127227306E+000   1
  7.07212080247700E+000  2.08155092317611E+000   1
  7.78895815368742E+000 -8.76644114032388E-002   1
 -5.59792276471853E+000 -7.63916871044785E+000  -1
  2.45788059197366E+000  5.69461137056351E+000   1
 -7.77007883414626E+000 -1.68171431869268E-001  -1
 -8.20602923631668E-001  7.08229766227305E+000   1
 -3.55332920793444E+000 -7.30362711008638E+000  -1
 -3.66998513694853E+000  9.30178772658110E+000   1
 -3.48315229639411E-001 -1.75979151390493E-001  -1
  4.59655283484608E+000 -8.55299260932952E+000  -1
 -8.61634681001306E+000 -4.39772511366755E+000  -1
  7.58346670772880E+000  8.05160416290164E+000   1
  4.69627554528415E+000 -3.31964090932161E+000  -1
 -6.47001236211509E+000  9.40156199038029E+000   1
  8.78321819938719E+000 -1.11757180653512E+000   1
  1.26244490966201E-001 -2.65907516237348E+000  -1
  9.99617151450366E+000  5.79539231490344E+000   1
 -6.05481056030840E+000 -6.57611931674183E-001  -1
  6.98164002969861E-001 -8.48866879008710E+000  -1
 -4.19503914657980E+000  6.57681811600924E+000   1
 -3.91652886290103E+000  5.80924579408020E+000   1
  1.82130760978907E+000  2.99858185462654E-001   1
  8.43438139185309E+000 -9.80633364524692E+000  -1
  6.10527710523456E+000 -7.27285995613784E+000  -1
  4.47882793843746E+000  4.23981152940542E+000   1
  1.18347562849522E+000  1.81715097278357E+000   1
  8.44597011338919E+000  4.00089006870985E+000   1
 -1.52771798893809E-001 -2.78131065424532E+000  -1
  7.47664356138557E+000  2.58753416128457E+000   1
  6.67963294778019E+000 -1.30346725694835E+000   1
 -5.72329303715378E+000 -1.72397963237017E+000  -1
  5.42450925800949E+000 -1.69934764504433E+000   1
 -9.75657672621310E+000 -9.35888756997883E+000  -1
 -3.54340925347060E+000 -8.78009987063706E+000  -1
 -5.40865119080991E+000  6.98638322297484E+000   1
  1.37259121984243E-001  3.91051082406193E+000   1
  4.73706324584782E+000 -5.39176587481052E+000  -1
 -8.04647259414196E+000 -7.63746591750532E+000  -1
  2.98444111831486E-001 -9.18579487130046E+000  -1
  8.76824049279094E+000 -4.05856850557029E-001   1
 -5.42706900276244E+000  1.75934246275574E+000  -1
  3.54282288346440E+000  7.95911873225123E+000   1
