 -7.65464582946152E+000 -9.62722310330719E+000  -1
  3.08168833144009E+000 -6.83701010886580E+000  -1
 -2.67568000126630E+000 -1.44747523125261E+000  -1
  1.86944333836436E+000 -3.76740097999573E-002   1
 -6.87777921557427E-001  8.22564107831568E+000   1
 -4.82726419344544E+000 -7.64214760623872E+000  -1
  8.84589281864464E+000  6.98694182559848E+000   1
 -3.13604889437556E+000 -4.40143890213221E+000  -1
 -5.60602928511798E+000  1.02070405613631E+000  -1
  6.93668309599161E+000  3.02009308710694E+000   1
 -3.07486795820296E+000  2.51641863491386E+000   1
 -9.94414590764791E+000 -6.87002551741898E+000  -1
 -2.13614711537957E-001 -1.08710620086640E+000  -1
  7.65656477306038E+000 -6.53299540281296E-001   1
 -7.55161276552826E+000  4.67601750511676E+000   1
 -3.58260735869408E+000  8.41271623037755E+000   1
 -2.02483265660703E+000  8.95977064967155E+000   1
  9.63880788534880E+000 -6.07708579860628E+000  -1
  6.21077877469361E+000 -2.19967169221491E+000   1
 -6.10246683005244E+000  8.79363766871393E+000   1
  9.78977461345494E+000 -4.86891102045775E-001   1
 -2.38314080983400E+000  6.46262742113322E+000   1
  9.45466476958245E+000  1.15591297857463E+000   1
 -6.36452322360128E+000 -2.30357234831899E+000  -1
  6.83500167913735E+000  7.82372260000557E+000   1
 -1.45351996179670E+000 -2.55391350015998E+000  -1
 -2.74890440516174E+000  1.51633627712727E+000   1
 -3.77045573201031E+000  8.54091347660869E+000   1
  2.91132895741612E+000  5.82232924178243E+000   1
 -3.31362451892346E+000  3.80327099468559E+000   1
 -7.43487867061049E+000 -6.96641591843218E+000  -1
 -5.60819082427770E+000 -5.07763456553221E-001  -1
  5.53112690337002E+000 -8.51080765482038E+000  -1
  3.60763965174556E+000 -9.22205657232553E+000  -1
 -9.73216455429792E+000 -7.79734551906586E+000  -1
 -8.17727772053331E+000  8.41713166795671E+000   1
  9.16134476661682E+000 -4.56395206972957E+000   1
 -2.76980755385011E+000  4.78481003548950E+000   1
 -4.75872297771275E+000 -5.97014805302024E+000  -1
  5.29460795689374E+000  2.90371772367507E+000   1
 -8.96478323265910E+000 -3.78396820276976E+000  -1
  2.19956187065691E+000 -3.34686413872987E+000  -1
  8.18023752421141E+000  2.62678761966527E+000   1
  6.74593952950090E+000 -7.76056792587042E+000  -1
 -2.36119884531945E+000  6.29798601847142E+000   1
 -2.52006095834076E-001  1.85359864961356E+000   1
 -1.15241467952728E+000  6.99235574807972E+000   1
 -8.75967535190284E+000  3.88154132757336E+000  -1
 -6.13750076387078E+000  4.57694896496832E+000   1
 -3.55986076872796E+000  9.05873576179147E+000   1
  2.55185419693589E+000 -3.42131237033755E+000  -1
 -2.91073222644627E+000 -7.40195790305734E+000  -1
  3.08541704434901E+000 -3.48786293994635E+000  -1
  9.15236305445433E+000 -4.67474888544530E+000  -1
 -5.33995230216533E+000  6.04824646841735E+000   1
  4.86021879129112E+000 -1.58181808423251E+000   1
  6.17016335949302E+000 -4.38142348080873E+000  -1
  9.18601879384369E+000  5.95463823061436E+000   1
 -7.05077492631972E+000 -9.38921594060957E+000  -1
  8.57820533681661E+000  8.47483354620636E+000   1
  6.87929360195994E+000  1.17018592543900E+000   1
 -9.18309099972248E+000 -1.31998832337558E+000  -1
 -3.54782073292881E+000 -1.09272901900113E-001  -1
 -5.50234237220138E+000  2.57716744672507E+000  -1
  2.60992419905961E+000  3.03033084608614E+000   1
 -3.05853972677141E+000 -9.01000482495874E+000  -1
  6.76648369990289E-001 -6.94778576958925E+000  -1
 -2.49571720138192E+000  6.45491457544267E-001  -1
 -4.43717981688678E+000 -1.63514752872288E+000  -1
 -9.83168461825699E+000 -8.15736300777644E+000  -1
 -3.87129020411521E+000  8.38917812332511E+000   1
 -9.21094527002424E+000  5.25444136932492E+000   1
  7.57976233493537E+000  7.04147517681122E+000   1
 -4.33497040998191E+000 -6.05352481827140E+000  -1
  3.26809568330646E+000  6.13614178728312E+000   1
 -4.04869978316128E+000 -2.96099391300231E+000  -1
 -5.68356755655259E+000  8.71017093304545E+000   1
  3.88900081161410E+000 -9.19292838778347E+000  -1
 -6.51058696676046E+000  7.87519440054894E-001  -1
 -8.69051218964160E+000 -1.36133667547256E+000  -1
  2.45662882458419E+000 -4.33391838334501E+000  -1
  7.65188788529485E+000 -4.68512185849249E+000  -1
  4.70571823883802E+000 -3.61007328610867E+000  -1
 -5.48856824170798E+000 -6.10553090460598E+000  -1
  5.28557099401951E+000 -5.59623226523399E+000  -1
 -6.03224134072661E+000 -3.98959436453879E+000  -1
 -9.99862646218389E+000 -3.19233287125826E+000  -1
  8.72604670003057E-001 -8.88561566825956E+000  -1
 -1.59541922155768E+000 -9.13786741439253E+000  -1
 -6.83629963546991E+000  2.30985649861395E+000  -1
  2.89757544640452E+000  6.95701966993511E+000   1
 -3.16520840860903E+000  9.28874891251326E+000   1
 -6.07724403496832E+000  9.18490104377270E+000   1
 -7.58465643040836E+000 -3.74488485511392E+000  -1
  7.02492872253060E+000  6.31310104392469E+000   1
  5.54318940266967E+000 -6.89879148732871E+000  -1
 -7.19744244124740E+000  8.70122631546110E+000   1
  7.24365375936032E-001  1.85217638500035E+000   1
  1.34070813655853E+000 -4.80379321612418E+000  -1
  4.03453758917749E+000 -2.89058546535671E+000  -1
  8.48935240879655E+000 -9.51540041249245E+000  -1
 -8.33044918254018E-001  9.86991694662720E+000   1
 -6.72928353771567E+000  9.02702468447387E+000   1
 -4.29562782868743E+000 -5.43825268279761E+000  -1
  8.73730634339154E-001 -2.45122318621725E+000  -1
  7.83735280856490E-001  6.33652470074594E+000   1
  5.94543022569269E+000  2.10938691627234E+000   1
  6.87505589332432E+000  5.73913434986025E+000   1
  1.23415830545127E+000 -5.18801147583872E+000  -1
  4.72586647607386E+000  6.99111730791628E+000   1
 -7.87737715058029E+000 -2.99419149290770E+000  -1
  9.70324413850904E+000 -4.55962173640728E+000   1
  6.11093797255307E+000 -8.64404933992773E+000  -1
 -9.38428100198508E-001 -1.05194475036114E+000  -1
 -3.84315030649304E+000 -1.75613667350262E+000  -1
 -6.47564627230167E+000 -2.71293651312590E+000  -1
 -7.41749834269285E+000 -1.36232930235565E+000  -1
  3.44990582205355E+000 -6.92544426303357E+000  -1
  1.98783155065030E+000 -8.63587408326566E+000  -1
 -3.29965593293309E+000  2.20875754952431E+000   1
 -6.70760304201394E+000 -5.51528613548726E+000  -1
  7.04433048609644E+000 -2.88519290275872E+000   1
  3.27456766739488E+000 -5.83851842675358E+000  -1
  9.18553646188229E+000  1.51331136468798E+000   1
  8.93704323563725E+000  4.92700478062034E-001   1
 -6.61507493816316E+000 -3.69923978578299E+000  -1
 -4.93608268909156E+000 -6.40319275669754E+000  -1
  7.94714655261487E+000  8.34987673442811E+000   1
 -3.21469042450190E+000  3.37718305643648E+000   1
  2.84625533502549E+000 -1.00550720468163E+000   1
  2.67714656889439E+000 -8.25193169526756E+000  -1
  9.85146788880229E+000  8.64973157644272E+000   1
  2.08064740058035E+000  8.28856950625777E+000   1
  5.96750436816365E+000 -3.38156027253717E+000  -1
 -2.91567208245397E+000  3.74149191193283E-001  -1
 -4.87479732371867E+000 -5.26326056569815E-001  -1
 -9.48980557732284E-001  9.12099282257259E+000   1
 -1.68731566984206E+000  9.11016688216478E+000   1
  7.95326397288591E+000 -3.17498050164431E+000   1
 -6.52480634395033E+000 -1.18628828786314E-001  -1
  3.92128770239651E+000  5.72200813330710E+000   1
 -5.98346223123372E+000  2.20871596597135E+000  -1
  3.15069132950157E+000 -2.73085338529199E+000  -1
 -5.61625065747648E+000 -4.76826344616711E+000  -1
  8.59872372355312E+000 -4.38772644847631E+000  -1
  1.94021075032651E+000  6.40241141431034E+000   1
  9.70432072412223E+000 -7.43437893223017E+000  -1
 -5.95385690685362E+000  6.58598868176341E-001  -1
  2.51817177049816E+000  4.11604733671993E+000   1
 -8.04513060022146E+000  3.32093207631260E+000  -1
  8.16777250729501E+000 -4.38799366354942E+000  -1
  4.22475201543421E+000  1.09259716700763E+000   1
  2.39654390141368E+000  9.07221315428615E+000   1
  8.09825510252267E+000  3.16794142127037E+000   1
  9.74302247632295E+000 -2.29366646613926E+000   1
  8.15743237268180E+000 -8.46816318109632E+000  -1
  9.90014050155878E+000  5.39472795091569E+000   1
  3.43975509516895E+000 -5.57154826354235E+000  -1
 -4.10807831212878E+000  9.89317250903696E+000   1
 -3.00461960956454E+000  6.42549536656588E+000   1
  9.91121309343725E+000 -2.95618924777955E+000   1
  2.72460415493697E+000  5.34305370878428E+000   1
  3.86136945337057E+000  5.94771095551550E+000   1
 -9.88981649279594E+000  5.84580111317337E-001  -1
  1.19652924593538E+000  3.21631958708167E+000   1
  6.65258139837533E+000 -6.14769696258009E-001   1
  8.56215699110180E+000 -9.36991174239665E+000  -1
  8.67745012044907E+000 -2.43097505066544E+000   1
 -6.18735167197883E+000 -3.24468181934208E+000  -1
  9.02439118828624E+000  9.92682972457260E+000   1
 -1.15090820938349E+000 -6.29135209601372E+000  -1
 -7.66312045976520E+000  7.87578330840915E+000   1
 -5.52598998416215E+000 -2.71773056592792E+000  -1
  2.23963935859501E+000  8.59561197925359E+000   1
 -9.27976896986365E+000 -1.79523151367903E+000  -1
  7.16029900591820E+000 -4.27170088514686E-001   1
 -6.34552072733641E+000  2.16508264653385E+000  -1
 -4.34745226986706E+000  7.14707604143769E+000   1
  9.11881915759295E+000 -1.43239859025925E+000   1
 -6.72723523341119E+000  4.28560449276119E+000   1
  5.44128124136478E+000 -4.13697162177414E+000  -1
 -7.99479432869703E+000 -6.26575392670929E+000  -1
  4.27224677521735E+000 -6.80107947904617E+000  -1
  9.29305549710989E+000 -5.58733318466693E+000  -1
  8.24711510445923E+000  1.04308283422142E+000   1
  6.98452258016914E+000 -4.22279576305300E+000  -1
 -2.27923794649541E+000  5.33248266205192E+000   1
  1.54069241136312E+000  6.67338097468019E+000   1
  3.50937047507614E+000  6.42138308379799E+000   1
  7.14222120586783E+000  9.47981940582395E+000   1
  6.09216249082237E+000  9.51810872182250E+000   1
 -9.00773813482374E+000  8.11748533509672E+000   1
  6.97469160426408E+000  8.53449538815767E+000   1
 -6.43054732587188E+000 -4.40595239400864E+000  -1
 -3.74879889655858E+000 -8.65812452975661E+000  -1
  6.24710816424340E+000  1.17615180555731E+000   1
 -8.28174895141274E+000 -4.87390154972672E+000  -1
  6.63050827104598E+000  8.15758658573031E+000   1
 -3.52416754700243E+000 -5.89862544089556E+000  -1
  9.87268228549510E+000 -6.91001426894218E+000  -1
 -6.81030447129160E+000 -3.67162069305778E+000  -1
  5.77300745528191E+000  6.33673024363816E+000   1
  1.77214336115867E+000 -1.67602349072695E+000  -1
  7.23836141172796E+000  3.44469071365893E+000   1
 -8.76484529580921E+000  9.14772461168468E+000   1
 -3.48252885509282E+000 -4.50475905090571E-001  -1
 -3.25885792262852E-001 -5.32409347128123E+000  -1
  7.73617056198418E+000  3.84724241215736E+000   1
  3.12937747221440E+000  1.38981721829623E+000   1
  4.09711626358330E+000  2.37881674896926E+000   1
 -3.83169358130544E+000  4.91864168085158E+000   1
  4.96469525154680E+000 -2.52990085165948E+000  -1
  8.59162774402648E+000 -6.75798829179257E+000  -1
 -1.74901034682989E+000 -1.38462856411934E+000  -1
 -3.36315050721169E+000  3.80510297138244E+000   1
  9.15649887174368E-001  6.28289954271168E+000   1
  8.74799363780767E+000 -8.22581045795232E+000  -1
  1.83991931378841E+000 -9.51625184621662E+000  -1
  7.30953041929752E+000  4.66922039166093E+000   1
 -5.29810502193868E+000  5.70086441934109E+000   1
 -8.68658181745559E+000  8.10626050457358E+000   1
  3.12226447276771E+000  3.98766961880028E+000   1
 -3.40572216082364E+000 -9.13992219604552E+000  -1
  2.93966011609882E+000  8.03670933004469E+000   1
 -2.14665851090103E+000 -4.99996466562152E+000  -1
 -5.54894068278372E+000 -2.87891537416726E+000  -1
  6.46180655341595E+000  8.89893025625497E+000   1
 -1.82040957268327E+000 -5.65038122702390E+000  -1
  6.94275219924748E+000  9.24584118183702E+000   1
 -8.45435407478362E+000  5.55093530565500E-001  -1
 -6.50568673387170E+000  1.27565301954746E-001  -1
 -3.82100421469659E+000 -3.40161129832268E+000  -1
  4.44580437149853E+000  3.44682266004384E-001   1
  4.13354135584086E+000  6.07701960951090E+000   1
 -2.15257416479290E+000  4.88291383720934E+000   1
  9.19221325777471E+000  5.62798633705825E+000   1
 -6.75130652263761E+000  5.82177630160004E+000   1
  8.04211521055549E+000  9.80491601862013E+000   1
  2.27191100362688E+000 -5.15986230224371E+000  -1
  8.49512158893049E+000  5.92998701147735E+000   1
 -7.25490062497556E+000  4.95046902913600E+000   1
  9.20026101637632E+000  7.10122793912888E+000   1
 -8.67288153152913E+000 -4.26258626393974E-001  -1
  7.22335098776966E+000  7.45511278044432E+000   1
  4.90753967314959E+000  3.01185040269047E+000   1
 -8.52026804815978E+000  7.95555121731013E+000   1
  5.87703277356923E+000  3.05745180230588E+000   1
 -7.57845108397305E+000 -2.09274804685265E+000  -1
 -6.08822809532285E+000 -7.75932047516108E+000  -1
 -1.60235972609371E+000 -6.61105865146965E+000  -1
  3.60703669488430E+000  3.29089778009802E+000   1
  7.58250368293375E+000  3.36176399141550E+000   1
  6.07602148782462E+000 -3.76540964934975E+000  -1
  9.89547250326723E+000  1.25749426893890E+000   1
  9.00418985635042E+000  2.72388732992113E-001   1
  6.46708194632083E+000  6.62936829030514E-003   1
  1.00768920499831E+000  7.20273186918348E+000   1
  8.97531752008945E+000  4.82157560065389E+000   1
 -6.41626762691885E+000  1.58932850696147E+000  -1
  6.14154054783285E-001  3.66056256927550E+000   1
  1.56868507619947E+000 -6.38820832595229E+000  -1
  7.77673022355884E+000 -6.58419634215534E+000  -1
  2.06940839998424E-001 -2.07652796525508E+000  -1
 -9.20228250324726E-001 -3.98490200284869E+000  -1
 -7.10442411247641E+000  1.39692132826895E+000  -1
  7.45250950567424E-001 -2.98607340548188E+000  -1
 -1.92498065531254E+000 -6.01238450966775E+000  -1
  8.44664385076612E+000  7.67745923716575E+000   1
  9.01613680645823E+000 -2.79710651375353E+000   1
  9.38075496349484E+000 -2.88999136537314E-001   1
 -3.16709413658828E+000 -5.83074139896780E+000  -1
  2.92155325878412E+000  1.31323535926640E+000   1
 -1.30881592165679E+000 -2.74016127455980E+000  -1
  7.84183138981462E+000  2.20964602194726E+000   1
 -8.66068998817354E+000  6.12207146827132E+000   1
 -9.39200337044895E+000  4.05685625039041E+000  -1
  8.49240591283888E+000  5.75659475289285E+000   1
 -2.58453704882413E+000 -8.69231907185167E+000  -1
 -5.47445940785110E+000  6.85912687331438E-001  -1
 -2.21120296511799E+000 -9.68864673282951E+000  -1
  8.10448867734522E+000 -7.67390457447618E+000  -1
  3.44468802213669E+000  7.11321734823287E+000   1
 -6.50662885513157E+000  6.99022271670401E+000   1
  8.47932184115052E-001  8.18291818257421E+000   1
 -2.85201800055802E+000  8.89134757686406E+000   1
  3.80351749714464E+000 -6.05189963243902E+000  -1
  2.66579223331064E+000  8.15002889372408E+000   1
  2.36683070659637E+000 -9.45273572579026E+000  -1
 -2.72716644220054E+000 -7.60555495508015E+000  -1
  3.36312145926058E+000  9.68111488968134E+000   1
  3.49991624243558E-001 -9.01428456883878E+000  -1
  5.79118356574327E+000 -1.21849034447223E+000   1
  4.01540254708380E+000 -3.02123130299151E+000  -1
  3.82980263326317E+000 -9.54014332965017E-001   1
  7.30799318291247E+000  3.93273537512869E+000   1
 -3.20009016897529E+000  4.00475875940174E+000   1
 -5.92175203841180E+000 -8.03144218400121E+000  -1
 -5.43076657224447E+000  5.62526746653021E-001  -1
 -2.04315493814647E+000  9.92452381178737E-001  -1
  3.73673311434686E+000  8.61765174660832E+000   1
